{
  "cells": [
    {
      "cell_type": "markdown",
      "metadata": {
        "id": "view-in-github",
        "colab_type": "text"
      },
      "source": [
        "<a href=\"https://colab.research.google.com/github/DanKim115/component-library/blob/main/HW2_Python_basics_DanielKim.ipynb\" target=\"_parent\"><img src=\"https://colab.research.google.com/assets/colab-badge.svg\" alt=\"Open In Colab\"/></a>"
      ]
    },
    {
      "cell_type": "markdown",
      "metadata": {
        "id": "f-zK4OZjDX0G"
      },
      "source": [
        "\n",
        "![logo](https://upload.wikimedia.org/wikipedia/commons/4/44/Huntsman-Wordmark-with-USU-Blue.gif#center)\n",
        "\n",
        "\n",
        "---"
      ]
    },
    {
      "cell_type": "markdown",
      "metadata": {
        "id": "7yBVoMqVDX0J"
      },
      "source": [
        "# HW2- Python basics (20 pionts)\n",
        "\n",
        "### Instructor: Pedram Jahangiry\n",
        "\n",
        "Let's take a look at NumPy and Pandas now. We'll start with a few simple tasks, then we'll move on to more complicated questions.\n",
        "\n",
        "**Important** Avoid running the cells directly above the example output shown, otherwise you will end up overwriting it\n",
        "\n",
        "---"
      ]
    },
    {
      "cell_type": "markdown",
      "metadata": {
        "id": "eiCsWEA7DX0K"
      },
      "source": [
        "##### 1. Import Numpy package as np (0.5 point)"
      ]
    },
    {
      "cell_type": "code",
      "execution_count": 1,
      "metadata": {
        "id": "Q2qAFu8nDX0L"
      },
      "outputs": [],
      "source": [
        "# CODE HERE\n",
        "import numpy as np"
      ]
    },
    {
      "cell_type": "markdown",
      "metadata": {
        "id": "mJqaGkapDX0L"
      },
      "source": [
        "#####  2. Create the following numpy array using two functions:  arange() and linspace(). You must generate the same answers. (2 points)"
      ]
    },
    {
      "cell_type": "code",
      "execution_count": 38,
      "metadata": {
        "colab": {
          "base_uri": "https://localhost:8080/"
        },
        "id": "kOsFXewlDX0M",
        "outputId": "7eac5481-5c71-425d-9e83-6ff9b4c39d27"
      },
      "outputs": [
        {
          "output_type": "stream",
          "name": "stdout",
          "text": [
            "array([2, 6, 10, 14, 18])\n"
          ]
        }
      ],
      "source": [
        "# Code here (using arange function)\n",
        "array = np.arange(2, 20, 4)\n",
        "\n",
        "formatted_result = ', '.join(map(str, array))\n",
        "\n",
        "print(f\"array([{formatted_result}])\")"
      ]
    },
    {
      "cell_type": "code",
      "execution_count": null,
      "metadata": {
        "id": "SZ8ZzJi-DX0M",
        "outputId": "fb31b340-01f1-4943-d659-527ee4138367"
      },
      "outputs": [
        {
          "data": {
            "text/plain": [
              "array([ 2,  6, 10, 14, 18])"
            ]
          },
          "execution_count": 6,
          "metadata": {},
          "output_type": "execute_result"
        }
      ],
      "source": [
        "# Do NOT write here!\n"
      ]
    },
    {
      "cell_type": "code",
      "execution_count": 42,
      "metadata": {
        "colab": {
          "base_uri": "https://localhost:8080/"
        },
        "id": "OEm4Rv5cDX0N",
        "outputId": "b719c806-c4fe-4b8a-a201-eb47c54df289"
      },
      "outputs": [
        {
          "output_type": "stream",
          "name": "stdout",
          "text": [
            "array([2.0, 6.0, 10.0, 14.0, 18.0])\n"
          ]
        }
      ],
      "source": [
        "# Code here (using linspace function)\n",
        "array = np.linspace(2, 18, num=5)\n",
        "\n",
        "# Format the output with commas\n",
        "formatted_result = ', '.join(map(str, array))\n",
        "\n",
        "# Print the formatted result\n",
        "print(f\"array([{formatted_result}])\")"
      ]
    },
    {
      "cell_type": "code",
      "execution_count": null,
      "metadata": {
        "id": "M7KRY9wFDX0N",
        "outputId": "34dabc8a-2007-4e76-afb4-f4adee651156"
      },
      "outputs": [
        {
          "data": {
            "text/plain": [
              "array([ 2.,  6., 10., 14., 18.])"
            ]
          },
          "execution_count": 7,
          "metadata": {},
          "output_type": "execute_result"
        }
      ],
      "source": [
        "# Do NOT write here!\n"
      ]
    },
    {
      "cell_type": "markdown",
      "metadata": {
        "id": "hS-iSGoHDX0N"
      },
      "source": [
        "##### 3. Create the following matrix of ones and save it as my_matrix. (1 point)"
      ]
    },
    {
      "cell_type": "code",
      "execution_count": 23,
      "metadata": {
        "colab": {
          "base_uri": "https://localhost:8080/"
        },
        "id": "Dst0_J9MDX0N",
        "outputId": "95fe1d65-b419-4bd3-c455-bf039712a500"
      },
      "outputs": [
        {
          "output_type": "stream",
          "name": "stdout",
          "text": [
            "[[1. 1. 1. 1.]\n",
            " [1. 1. 1. 1.]\n",
            " [1. 1. 1. 1.]\n",
            " [1. 1. 1. 1.]]\n"
          ]
        }
      ],
      "source": [
        "# Code here\n",
        "my_matrix = np.ones((4,4))\n",
        "print(my_matrix)"
      ]
    },
    {
      "cell_type": "code",
      "execution_count": null,
      "metadata": {
        "id": "ifPnqoOWDX0O",
        "outputId": "af98efbf-66ea-4db2-c666-9565aa84bc3b"
      },
      "outputs": [
        {
          "data": {
            "text/plain": [
              "array([[1., 1., 1., 1.],\n",
              "       [1., 1., 1., 1.],\n",
              "       [1., 1., 1., 1.],\n",
              "       [1., 1., 1., 1.]])"
            ]
          },
          "execution_count": 17,
          "metadata": {},
          "output_type": "execute_result"
        }
      ],
      "source": [
        "# Do NOT write here\n"
      ]
    },
    {
      "cell_type": "markdown",
      "metadata": {
        "id": "oPD61Zp_DX0O"
      },
      "source": [
        "#### 4. Reshape \"my_matrix\" into a new matrix as shown below. (1 point)"
      ]
    },
    {
      "cell_type": "code",
      "execution_count": 24,
      "metadata": {
        "id": "QIZCCLlWDX0O"
      },
      "outputs": [],
      "source": [
        "# Code here\n",
        "my_matrix = np.reshape(my_matrix, (2, 8))"
      ]
    },
    {
      "cell_type": "code",
      "execution_count": 25,
      "metadata": {
        "colab": {
          "base_uri": "https://localhost:8080/"
        },
        "id": "n20AhJ5aDX0P",
        "outputId": "03e1d530-481b-43fe-b827-e1d906e1a936"
      },
      "outputs": [
        {
          "output_type": "execute_result",
          "data": {
            "text/plain": [
              "array([[1., 1., 1., 1., 1., 1., 1., 1.],\n",
              "       [1., 1., 1., 1., 1., 1., 1., 1.]])"
            ]
          },
          "metadata": {},
          "execution_count": 25
        }
      ],
      "source": [
        "# Do NOT write here\n",
        "my_matrix"
      ]
    },
    {
      "cell_type": "markdown",
      "metadata": {
        "id": "AqbhzdaqDX0P"
      },
      "source": [
        "#### 5. First, replace the first row of \"my_matrix\" with zeros. then replace the last column with 2s. Save the new matrix as \"my_matrix2\". (2 points)"
      ]
    },
    {
      "cell_type": "code",
      "execution_count": 26,
      "metadata": {
        "id": "WxQbh7L_DX0P"
      },
      "outputs": [],
      "source": [
        "# Code here\n",
        "my_matrix = np.ones((4,4))\n",
        "my_matrix[0, :] = 0\n",
        "my_matrix[:, -1] = 2\n",
        "\n",
        "my_matrix2 = my_matrix"
      ]
    },
    {
      "cell_type": "code",
      "execution_count": 27,
      "metadata": {
        "colab": {
          "base_uri": "https://localhost:8080/"
        },
        "id": "xqpZ0jQYDX0P",
        "outputId": "9eda6f4a-794e-492e-c426-39611f84df92"
      },
      "outputs": [
        {
          "output_type": "execute_result",
          "data": {
            "text/plain": [
              "array([[0., 0., 0., 2.],\n",
              "       [1., 1., 1., 2.],\n",
              "       [1., 1., 1., 2.],\n",
              "       [1., 1., 1., 2.]])"
            ]
          },
          "metadata": {},
          "execution_count": 27
        }
      ],
      "source": [
        "# Do not write here\n",
        "my_matrix2"
      ]
    },
    {
      "cell_type": "markdown",
      "metadata": {
        "id": "J6VJG7I5DX0Q"
      },
      "source": [
        "#### 6. Create the following matrix and save it as \"A\". (2 points)"
      ]
    },
    {
      "cell_type": "code",
      "execution_count": 31,
      "metadata": {
        "id": "5S_fCrSBDX0Q"
      },
      "outputs": [],
      "source": [
        "# Code here\n",
        "A = np.arange(0.01, 1.01, 0.01)\n",
        "\n",
        "A = A.reshape(10, 10)"
      ]
    },
    {
      "cell_type": "code",
      "execution_count": 32,
      "metadata": {
        "colab": {
          "base_uri": "https://localhost:8080/"
        },
        "id": "0kO2P4lADX0Q",
        "outputId": "2c691eb0-d43b-4753-830c-35728f05b8e4"
      },
      "outputs": [
        {
          "output_type": "execute_result",
          "data": {
            "text/plain": [
              "array([[0.01, 0.02, 0.03, 0.04, 0.05, 0.06, 0.07, 0.08, 0.09, 0.1 ],\n",
              "       [0.11, 0.12, 0.13, 0.14, 0.15, 0.16, 0.17, 0.18, 0.19, 0.2 ],\n",
              "       [0.21, 0.22, 0.23, 0.24, 0.25, 0.26, 0.27, 0.28, 0.29, 0.3 ],\n",
              "       [0.31, 0.32, 0.33, 0.34, 0.35, 0.36, 0.37, 0.38, 0.39, 0.4 ],\n",
              "       [0.41, 0.42, 0.43, 0.44, 0.45, 0.46, 0.47, 0.48, 0.49, 0.5 ],\n",
              "       [0.51, 0.52, 0.53, 0.54, 0.55, 0.56, 0.57, 0.58, 0.59, 0.6 ],\n",
              "       [0.61, 0.62, 0.63, 0.64, 0.65, 0.66, 0.67, 0.68, 0.69, 0.7 ],\n",
              "       [0.71, 0.72, 0.73, 0.74, 0.75, 0.76, 0.77, 0.78, 0.79, 0.8 ],\n",
              "       [0.81, 0.82, 0.83, 0.84, 0.85, 0.86, 0.87, 0.88, 0.89, 0.9 ],\n",
              "       [0.91, 0.92, 0.93, 0.94, 0.95, 0.96, 0.97, 0.98, 0.99, 1.  ]])"
            ]
          },
          "metadata": {},
          "execution_count": 32
        }
      ],
      "source": [
        "# Do NOT write here.\n",
        "A"
      ]
    },
    {
      "cell_type": "markdown",
      "metadata": {
        "id": "ivpJ7nhBDX0Q"
      },
      "source": [
        "##### 7. Create a 10 * 10 matrix using random values drawn from a standard normal distribution. Call this matrix \"B\". Set seed number = 100 (2 points)"
      ]
    },
    {
      "cell_type": "code",
      "execution_count": 33,
      "metadata": {
        "id": "-u_T0PjBDX0R"
      },
      "outputs": [],
      "source": [
        "# Code here\n",
        "# Set the random seed for reproducibility\n",
        "np.random.seed(100)\n",
        "\n",
        "# Create a 10x10 matrix with random values from a standard normal distribution\n",
        "B = np.random.randn(10, 10)"
      ]
    },
    {
      "cell_type": "code",
      "execution_count": 34,
      "metadata": {
        "colab": {
          "base_uri": "https://localhost:8080/"
        },
        "id": "qLp1zN3HDX0R",
        "outputId": "3d33cb63-ca87-45f5-f818-74e722afbd1a"
      },
      "outputs": [
        {
          "output_type": "execute_result",
          "data": {
            "text/plain": [
              "array([[-1.74976547,  0.3426804 ,  1.1530358 , -0.25243604,  0.98132079,\n",
              "         0.51421884,  0.22117967, -1.07004333, -0.18949583,  0.25500144],\n",
              "       [-0.45802699,  0.43516349, -0.58359505,  0.81684707,  0.67272081,\n",
              "        -0.10441114, -0.53128038,  1.02973269, -0.43813562, -1.11831825],\n",
              "       [ 1.61898166,  1.54160517, -0.25187914, -0.84243574,  0.18451869,\n",
              "         0.9370822 ,  0.73100034,  1.36155613, -0.32623806,  0.05567601],\n",
              "       [ 0.22239961, -1.443217  , -0.75635231,  0.81645401,  0.75044476,\n",
              "        -0.45594693,  1.18962227, -1.69061683, -1.35639905, -1.23243451],\n",
              "       [-0.54443916, -0.66817174,  0.00731456, -0.61293874,  1.29974807,\n",
              "        -1.73309562, -0.9833101 ,  0.35750775, -1.6135785 ,  1.47071387],\n",
              "       [-1.1880176 , -0.54974619, -0.94004616, -0.82793236,  0.10886347,\n",
              "         0.50780959, -0.86222735,  1.24946974, -0.07961125, -0.88973148],\n",
              "       [-0.88179839,  0.01863895,  0.23784462,  0.01354855, -1.6355294 ,\n",
              "        -1.04420988,  0.61303888,  0.73620521,  1.02692144, -1.43219061],\n",
              "       [-1.8411883 ,  0.36609323, -0.33177714, -0.68921798,  2.03460756,\n",
              "        -0.55071441,  0.75045333, -1.30699234,  0.58057334, -1.10452309],\n",
              "       [ 0.69012147,  0.68689007, -1.56668753,  0.90497412,  0.7788224 ,\n",
              "         0.42823287,  0.10887199,  0.02828363, -0.57882582, -1.1994512 ],\n",
              "       [-1.70595201,  0.36916396,  1.87657343, -0.37690335,  1.83193608,\n",
              "         0.00301743, -0.07602347,  0.00395759, -0.18501411, -2.48715154]])"
            ]
          },
          "metadata": {},
          "execution_count": 34
        }
      ],
      "source": [
        "# Do NOT write here\n",
        "B"
      ]
    },
    {
      "cell_type": "markdown",
      "metadata": {
        "id": "95BiJBNpDX0R"
      },
      "source": [
        "##### 8. Multiply matrix A and B. (use the Matrix multiplication, NOT the element-wised multiplication) (1 point)"
      ]
    },
    {
      "cell_type": "code",
      "execution_count": 35,
      "metadata": {
        "colab": {
          "base_uri": "https://localhost:8080/"
        },
        "id": "4ZN0XJYYDX0R",
        "outputId": "88aaba79-d94f-4f03-dc4d-04574e11cc04"
      },
      "outputs": [
        {
          "output_type": "stream",
          "name": "stdout",
          "text": [
            "[[-0.38520099  0.06358488 -0.05722663 -0.06955691  0.43190936 -0.12156679\n",
            "   0.06534707  0.02587607 -0.11242174 -0.5925726 ]\n",
            " [-0.96896951  0.17349491 -0.17278352 -0.17456096  1.13265468 -0.2713685\n",
            "   0.18147958  0.09578209 -0.42840209 -1.36081353]\n",
            " [-1.55273803  0.28340494 -0.28834041 -0.279565    1.8334     -0.4211702\n",
            "   0.2976121   0.16568812 -0.74438244 -2.12905447]\n",
            " [-2.13650655  0.39331498 -0.40389731 -0.38456905  2.53414533 -0.57097191\n",
            "   0.41374462  0.23559414 -1.06036278 -2.8972954 ]\n",
            " [-2.72027506  0.50322501 -0.5194542  -0.48957309  3.23489065 -0.72077361\n",
            "   0.52987714  0.30550017 -1.37634313 -3.66553634]\n",
            " [-3.30404358  0.61313505 -0.63501109 -0.59457714  3.93563597 -0.87057532\n",
            "   0.64600966  0.37540619 -1.69232348 -4.43377727]\n",
            " [-3.8878121   0.72304508 -0.75056798 -0.69958118  4.6363813  -1.02037702\n",
            "   0.76214218  0.44531222 -2.00830382 -5.20201821]\n",
            " [-4.47158062  0.83295511 -0.86612487 -0.80458523  5.33712662 -1.17017873\n",
            "   0.8782747   0.51521824 -2.32428417 -5.97025915]\n",
            " [-5.05534913  0.94286515 -0.98168176 -0.90958927  6.03787194 -1.31998043\n",
            "   0.99440722  0.58512427 -2.64026452 -6.73850008]\n",
            " [-5.63911765  1.05277518 -1.09723865 -1.01459332  6.73861727 -1.46978214\n",
            "   1.11053974  0.65503029 -2.95624487 -7.50674102]]\n"
          ]
        }
      ],
      "source": [
        "# Code here\n",
        "C = A @ B\n",
        "print(C)"
      ]
    },
    {
      "cell_type": "code",
      "execution_count": null,
      "metadata": {
        "id": "C-QgreTmDX0R",
        "outputId": "37a14847-24a4-463f-c501-7334f662c477"
      },
      "outputs": [
        {
          "data": {
            "text/plain": [
              "array([[-0.38520099,  0.06358488, -0.05722663, -0.06955691,  0.43190936,\n",
              "        -0.12156679,  0.06534707,  0.02587607, -0.11242174, -0.5925726 ],\n",
              "       [-0.96896951,  0.17349491, -0.17278352, -0.17456096,  1.13265468,\n",
              "        -0.2713685 ,  0.18147958,  0.09578209, -0.42840209, -1.36081353],\n",
              "       [-1.55273803,  0.28340494, -0.28834041, -0.279565  ,  1.8334    ,\n",
              "        -0.4211702 ,  0.2976121 ,  0.16568812, -0.74438244, -2.12905447],\n",
              "       [-2.13650655,  0.39331498, -0.40389731, -0.38456905,  2.53414533,\n",
              "        -0.57097191,  0.41374462,  0.23559414, -1.06036278, -2.8972954 ],\n",
              "       [-2.72027506,  0.50322501, -0.5194542 , -0.48957309,  3.23489065,\n",
              "        -0.72077361,  0.52987714,  0.30550017, -1.37634313, -3.66553634],\n",
              "       [-3.30404358,  0.61313505, -0.63501109, -0.59457714,  3.93563597,\n",
              "        -0.87057532,  0.64600966,  0.37540619, -1.69232348, -4.43377727],\n",
              "       [-3.8878121 ,  0.72304508, -0.75056798, -0.69958118,  4.6363813 ,\n",
              "        -1.02037702,  0.76214218,  0.44531222, -2.00830382, -5.20201821],\n",
              "       [-4.47158062,  0.83295511, -0.86612487, -0.80458523,  5.33712662,\n",
              "        -1.17017873,  0.8782747 ,  0.51521824, -2.32428417, -5.97025915],\n",
              "       [-5.05534913,  0.94286515, -0.98168176, -0.90958927,  6.03787194,\n",
              "        -1.31998043,  0.99440722,  0.58512427, -2.64026452, -6.73850008],\n",
              "       [-5.63911765,  1.05277518, -1.09723865, -1.01459332,  6.73861727,\n",
              "        -1.46978214,  1.11053974,  0.65503029, -2.95624487, -7.50674102]])"
            ]
          },
          "execution_count": 36,
          "metadata": {},
          "output_type": "execute_result"
        }
      ],
      "source": [
        "# Do NOT write here\n"
      ]
    },
    {
      "cell_type": "markdown",
      "metadata": {
        "id": "oui4qw2aDX0R"
      },
      "source": [
        "##### 9. Import Pandas package as pd (0.5 point)"
      ]
    },
    {
      "cell_type": "code",
      "execution_count": 43,
      "metadata": {
        "id": "ukle52BADX0S"
      },
      "outputs": [],
      "source": [
        "# Code here\n",
        "import pandas as pd"
      ]
    },
    {
      "cell_type": "code",
      "execution_count": null,
      "metadata": {
        "id": "rxMvs8J-DX0S"
      },
      "outputs": [],
      "source": [
        "# Do Not write here\n"
      ]
    },
    {
      "cell_type": "markdown",
      "metadata": {
        "id": "kKGmsaCsDX0S"
      },
      "source": [
        "##### 10. Create a data frame with three columns A, B, C. Name your data frame as df. Again use the seed number = 100\n",
        "* Column A: 20 random numbers from the uniform distribution (2 point)\n",
        "* Column B: the first 20 Capitals of english letters (3 points)\n",
        "* Column C: range of numbers between 20 and 39 (1 point)\n"
      ]
    },
    {
      "cell_type": "code",
      "execution_count": 45,
      "metadata": {
        "id": "yYzH5bmXDX0S"
      },
      "outputs": [],
      "source": [
        "import string\n",
        "# Code here\n",
        "# Create Column A: 20 random numbers from the uniform distribution\n",
        "column_a = np.random.uniform(low=0, high=100, size=20)\n",
        "\n",
        "# Create Column B: the first 20 capitals of English letters\n",
        "column_b = list(string.ascii_uppercase[:20])\n",
        "\n",
        "# Create Column C: range of numbers between 20 and 39\n",
        "column_c = np.arange(20, 40)\n",
        "\n",
        "# Create the DataFrame\n",
        "df = pd.DataFrame({\n",
        "    'A': column_a,\n",
        "    'B': column_b,\n",
        "    'C': column_c\n",
        "})\n"
      ]
    },
    {
      "cell_type": "code",
      "execution_count": 46,
      "metadata": {
        "colab": {
          "base_uri": "https://localhost:8080/",
          "height": 677
        },
        "id": "gfHWuGTlDX0T",
        "outputId": "5f4db54e-9420-4bb9-d1a1-fb2f816a1d58"
      },
      "outputs": [
        {
          "output_type": "execute_result",
          "data": {
            "text/plain": [
              "            A  B   C\n",
              "0   99.893227  A  20\n",
              "1   58.269382  B  21\n",
              "2   18.327900  C  22\n",
              "3   38.684542  D  23\n",
              "4   18.967353  E  24\n",
              "5   41.077067  F  25\n",
              "6   59.468007  G  26\n",
              "7   71.658609  H  27\n",
              "8   48.689148  I  28\n",
              "9   30.958982  J  29\n",
              "10  57.744137  K  30\n",
              "11  44.170782  L  31\n",
              "12  35.967810  M  32\n",
              "13  32.133193  N  33\n",
              "14  20.820724  O  34\n",
              "15  45.125862  P  35\n",
              "16  49.184291  Q  36\n",
              "17  89.907631  R  37\n",
              "18  72.936046  S  38\n",
              "19  77.008977  T  39"
            ],
            "text/html": [
              "\n",
              "  <div id=\"df-7ff546be-3d09-49a7-8893-4fed76848fb4\" class=\"colab-df-container\">\n",
              "    <div>\n",
              "<style scoped>\n",
              "    .dataframe tbody tr th:only-of-type {\n",
              "        vertical-align: middle;\n",
              "    }\n",
              "\n",
              "    .dataframe tbody tr th {\n",
              "        vertical-align: top;\n",
              "    }\n",
              "\n",
              "    .dataframe thead th {\n",
              "        text-align: right;\n",
              "    }\n",
              "</style>\n",
              "<table border=\"1\" class=\"dataframe\">\n",
              "  <thead>\n",
              "    <tr style=\"text-align: right;\">\n",
              "      <th></th>\n",
              "      <th>A</th>\n",
              "      <th>B</th>\n",
              "      <th>C</th>\n",
              "    </tr>\n",
              "  </thead>\n",
              "  <tbody>\n",
              "    <tr>\n",
              "      <th>0</th>\n",
              "      <td>99.893227</td>\n",
              "      <td>A</td>\n",
              "      <td>20</td>\n",
              "    </tr>\n",
              "    <tr>\n",
              "      <th>1</th>\n",
              "      <td>58.269382</td>\n",
              "      <td>B</td>\n",
              "      <td>21</td>\n",
              "    </tr>\n",
              "    <tr>\n",
              "      <th>2</th>\n",
              "      <td>18.327900</td>\n",
              "      <td>C</td>\n",
              "      <td>22</td>\n",
              "    </tr>\n",
              "    <tr>\n",
              "      <th>3</th>\n",
              "      <td>38.684542</td>\n",
              "      <td>D</td>\n",
              "      <td>23</td>\n",
              "    </tr>\n",
              "    <tr>\n",
              "      <th>4</th>\n",
              "      <td>18.967353</td>\n",
              "      <td>E</td>\n",
              "      <td>24</td>\n",
              "    </tr>\n",
              "    <tr>\n",
              "      <th>5</th>\n",
              "      <td>41.077067</td>\n",
              "      <td>F</td>\n",
              "      <td>25</td>\n",
              "    </tr>\n",
              "    <tr>\n",
              "      <th>6</th>\n",
              "      <td>59.468007</td>\n",
              "      <td>G</td>\n",
              "      <td>26</td>\n",
              "    </tr>\n",
              "    <tr>\n",
              "      <th>7</th>\n",
              "      <td>71.658609</td>\n",
              "      <td>H</td>\n",
              "      <td>27</td>\n",
              "    </tr>\n",
              "    <tr>\n",
              "      <th>8</th>\n",
              "      <td>48.689148</td>\n",
              "      <td>I</td>\n",
              "      <td>28</td>\n",
              "    </tr>\n",
              "    <tr>\n",
              "      <th>9</th>\n",
              "      <td>30.958982</td>\n",
              "      <td>J</td>\n",
              "      <td>29</td>\n",
              "    </tr>\n",
              "    <tr>\n",
              "      <th>10</th>\n",
              "      <td>57.744137</td>\n",
              "      <td>K</td>\n",
              "      <td>30</td>\n",
              "    </tr>\n",
              "    <tr>\n",
              "      <th>11</th>\n",
              "      <td>44.170782</td>\n",
              "      <td>L</td>\n",
              "      <td>31</td>\n",
              "    </tr>\n",
              "    <tr>\n",
              "      <th>12</th>\n",
              "      <td>35.967810</td>\n",
              "      <td>M</td>\n",
              "      <td>32</td>\n",
              "    </tr>\n",
              "    <tr>\n",
              "      <th>13</th>\n",
              "      <td>32.133193</td>\n",
              "      <td>N</td>\n",
              "      <td>33</td>\n",
              "    </tr>\n",
              "    <tr>\n",
              "      <th>14</th>\n",
              "      <td>20.820724</td>\n",
              "      <td>O</td>\n",
              "      <td>34</td>\n",
              "    </tr>\n",
              "    <tr>\n",
              "      <th>15</th>\n",
              "      <td>45.125862</td>\n",
              "      <td>P</td>\n",
              "      <td>35</td>\n",
              "    </tr>\n",
              "    <tr>\n",
              "      <th>16</th>\n",
              "      <td>49.184291</td>\n",
              "      <td>Q</td>\n",
              "      <td>36</td>\n",
              "    </tr>\n",
              "    <tr>\n",
              "      <th>17</th>\n",
              "      <td>89.907631</td>\n",
              "      <td>R</td>\n",
              "      <td>37</td>\n",
              "    </tr>\n",
              "    <tr>\n",
              "      <th>18</th>\n",
              "      <td>72.936046</td>\n",
              "      <td>S</td>\n",
              "      <td>38</td>\n",
              "    </tr>\n",
              "    <tr>\n",
              "      <th>19</th>\n",
              "      <td>77.008977</td>\n",
              "      <td>T</td>\n",
              "      <td>39</td>\n",
              "    </tr>\n",
              "  </tbody>\n",
              "</table>\n",
              "</div>\n",
              "    <div class=\"colab-df-buttons\">\n",
              "\n",
              "  <div class=\"colab-df-container\">\n",
              "    <button class=\"colab-df-convert\" onclick=\"convertToInteractive('df-7ff546be-3d09-49a7-8893-4fed76848fb4')\"\n",
              "            title=\"Convert this dataframe to an interactive table.\"\n",
              "            style=\"display:none;\">\n",
              "\n",
              "  <svg xmlns=\"http://www.w3.org/2000/svg\" height=\"24px\" viewBox=\"0 -960 960 960\">\n",
              "    <path d=\"M120-120v-720h720v720H120Zm60-500h600v-160H180v160Zm220 220h160v-160H400v160Zm0 220h160v-160H400v160ZM180-400h160v-160H180v160Zm440 0h160v-160H620v160ZM180-180h160v-160H180v160Zm440 0h160v-160H620v160Z\"/>\n",
              "  </svg>\n",
              "    </button>\n",
              "\n",
              "  <style>\n",
              "    .colab-df-container {\n",
              "      display:flex;\n",
              "      gap: 12px;\n",
              "    }\n",
              "\n",
              "    .colab-df-convert {\n",
              "      background-color: #E8F0FE;\n",
              "      border: none;\n",
              "      border-radius: 50%;\n",
              "      cursor: pointer;\n",
              "      display: none;\n",
              "      fill: #1967D2;\n",
              "      height: 32px;\n",
              "      padding: 0 0 0 0;\n",
              "      width: 32px;\n",
              "    }\n",
              "\n",
              "    .colab-df-convert:hover {\n",
              "      background-color: #E2EBFA;\n",
              "      box-shadow: 0px 1px 2px rgba(60, 64, 67, 0.3), 0px 1px 3px 1px rgba(60, 64, 67, 0.15);\n",
              "      fill: #174EA6;\n",
              "    }\n",
              "\n",
              "    .colab-df-buttons div {\n",
              "      margin-bottom: 4px;\n",
              "    }\n",
              "\n",
              "    [theme=dark] .colab-df-convert {\n",
              "      background-color: #3B4455;\n",
              "      fill: #D2E3FC;\n",
              "    }\n",
              "\n",
              "    [theme=dark] .colab-df-convert:hover {\n",
              "      background-color: #434B5C;\n",
              "      box-shadow: 0px 1px 3px 1px rgba(0, 0, 0, 0.15);\n",
              "      filter: drop-shadow(0px 1px 2px rgba(0, 0, 0, 0.3));\n",
              "      fill: #FFFFFF;\n",
              "    }\n",
              "  </style>\n",
              "\n",
              "    <script>\n",
              "      const buttonEl =\n",
              "        document.querySelector('#df-7ff546be-3d09-49a7-8893-4fed76848fb4 button.colab-df-convert');\n",
              "      buttonEl.style.display =\n",
              "        google.colab.kernel.accessAllowed ? 'block' : 'none';\n",
              "\n",
              "      async function convertToInteractive(key) {\n",
              "        const element = document.querySelector('#df-7ff546be-3d09-49a7-8893-4fed76848fb4');\n",
              "        const dataTable =\n",
              "          await google.colab.kernel.invokeFunction('convertToInteractive',\n",
              "                                                    [key], {});\n",
              "        if (!dataTable) return;\n",
              "\n",
              "        const docLinkHtml = 'Like what you see? Visit the ' +\n",
              "          '<a target=\"_blank\" href=https://colab.research.google.com/notebooks/data_table.ipynb>data table notebook</a>'\n",
              "          + ' to learn more about interactive tables.';\n",
              "        element.innerHTML = '';\n",
              "        dataTable['output_type'] = 'display_data';\n",
              "        await google.colab.output.renderOutput(dataTable, element);\n",
              "        const docLink = document.createElement('div');\n",
              "        docLink.innerHTML = docLinkHtml;\n",
              "        element.appendChild(docLink);\n",
              "      }\n",
              "    </script>\n",
              "  </div>\n",
              "\n",
              "\n",
              "<div id=\"df-7c582da4-431c-42b4-9760-1d25f13d5af5\">\n",
              "  <button class=\"colab-df-quickchart\" onclick=\"quickchart('df-7c582da4-431c-42b4-9760-1d25f13d5af5')\"\n",
              "            title=\"Suggest charts\"\n",
              "            style=\"display:none;\">\n",
              "\n",
              "<svg xmlns=\"http://www.w3.org/2000/svg\" height=\"24px\"viewBox=\"0 0 24 24\"\n",
              "     width=\"24px\">\n",
              "    <g>\n",
              "        <path d=\"M19 3H5c-1.1 0-2 .9-2 2v14c0 1.1.9 2 2 2h14c1.1 0 2-.9 2-2V5c0-1.1-.9-2-2-2zM9 17H7v-7h2v7zm4 0h-2V7h2v10zm4 0h-2v-4h2v4z\"/>\n",
              "    </g>\n",
              "</svg>\n",
              "  </button>\n",
              "\n",
              "<style>\n",
              "  .colab-df-quickchart {\n",
              "      --bg-color: #E8F0FE;\n",
              "      --fill-color: #1967D2;\n",
              "      --hover-bg-color: #E2EBFA;\n",
              "      --hover-fill-color: #174EA6;\n",
              "      --disabled-fill-color: #AAA;\n",
              "      --disabled-bg-color: #DDD;\n",
              "  }\n",
              "\n",
              "  [theme=dark] .colab-df-quickchart {\n",
              "      --bg-color: #3B4455;\n",
              "      --fill-color: #D2E3FC;\n",
              "      --hover-bg-color: #434B5C;\n",
              "      --hover-fill-color: #FFFFFF;\n",
              "      --disabled-bg-color: #3B4455;\n",
              "      --disabled-fill-color: #666;\n",
              "  }\n",
              "\n",
              "  .colab-df-quickchart {\n",
              "    background-color: var(--bg-color);\n",
              "    border: none;\n",
              "    border-radius: 50%;\n",
              "    cursor: pointer;\n",
              "    display: none;\n",
              "    fill: var(--fill-color);\n",
              "    height: 32px;\n",
              "    padding: 0;\n",
              "    width: 32px;\n",
              "  }\n",
              "\n",
              "  .colab-df-quickchart:hover {\n",
              "    background-color: var(--hover-bg-color);\n",
              "    box-shadow: 0 1px 2px rgba(60, 64, 67, 0.3), 0 1px 3px 1px rgba(60, 64, 67, 0.15);\n",
              "    fill: var(--button-hover-fill-color);\n",
              "  }\n",
              "\n",
              "  .colab-df-quickchart-complete:disabled,\n",
              "  .colab-df-quickchart-complete:disabled:hover {\n",
              "    background-color: var(--disabled-bg-color);\n",
              "    fill: var(--disabled-fill-color);\n",
              "    box-shadow: none;\n",
              "  }\n",
              "\n",
              "  .colab-df-spinner {\n",
              "    border: 2px solid var(--fill-color);\n",
              "    border-color: transparent;\n",
              "    border-bottom-color: var(--fill-color);\n",
              "    animation:\n",
              "      spin 1s steps(1) infinite;\n",
              "  }\n",
              "\n",
              "  @keyframes spin {\n",
              "    0% {\n",
              "      border-color: transparent;\n",
              "      border-bottom-color: var(--fill-color);\n",
              "      border-left-color: var(--fill-color);\n",
              "    }\n",
              "    20% {\n",
              "      border-color: transparent;\n",
              "      border-left-color: var(--fill-color);\n",
              "      border-top-color: var(--fill-color);\n",
              "    }\n",
              "    30% {\n",
              "      border-color: transparent;\n",
              "      border-left-color: var(--fill-color);\n",
              "      border-top-color: var(--fill-color);\n",
              "      border-right-color: var(--fill-color);\n",
              "    }\n",
              "    40% {\n",
              "      border-color: transparent;\n",
              "      border-right-color: var(--fill-color);\n",
              "      border-top-color: var(--fill-color);\n",
              "    }\n",
              "    60% {\n",
              "      border-color: transparent;\n",
              "      border-right-color: var(--fill-color);\n",
              "    }\n",
              "    80% {\n",
              "      border-color: transparent;\n",
              "      border-right-color: var(--fill-color);\n",
              "      border-bottom-color: var(--fill-color);\n",
              "    }\n",
              "    90% {\n",
              "      border-color: transparent;\n",
              "      border-bottom-color: var(--fill-color);\n",
              "    }\n",
              "  }\n",
              "</style>\n",
              "\n",
              "  <script>\n",
              "    async function quickchart(key) {\n",
              "      const quickchartButtonEl =\n",
              "        document.querySelector('#' + key + ' button');\n",
              "      quickchartButtonEl.disabled = true;  // To prevent multiple clicks.\n",
              "      quickchartButtonEl.classList.add('colab-df-spinner');\n",
              "      try {\n",
              "        const charts = await google.colab.kernel.invokeFunction(\n",
              "            'suggestCharts', [key], {});\n",
              "      } catch (error) {\n",
              "        console.error('Error during call to suggestCharts:', error);\n",
              "      }\n",
              "      quickchartButtonEl.classList.remove('colab-df-spinner');\n",
              "      quickchartButtonEl.classList.add('colab-df-quickchart-complete');\n",
              "    }\n",
              "    (() => {\n",
              "      let quickchartButtonEl =\n",
              "        document.querySelector('#df-7c582da4-431c-42b4-9760-1d25f13d5af5 button');\n",
              "      quickchartButtonEl.style.display =\n",
              "        google.colab.kernel.accessAllowed ? 'block' : 'none';\n",
              "    })();\n",
              "  </script>\n",
              "</div>\n",
              "\n",
              "  <div id=\"id_7439a00b-2b07-4099-8dc4-4684f5931139\">\n",
              "    <style>\n",
              "      .colab-df-generate {\n",
              "        background-color: #E8F0FE;\n",
              "        border: none;\n",
              "        border-radius: 50%;\n",
              "        cursor: pointer;\n",
              "        display: none;\n",
              "        fill: #1967D2;\n",
              "        height: 32px;\n",
              "        padding: 0 0 0 0;\n",
              "        width: 32px;\n",
              "      }\n",
              "\n",
              "      .colab-df-generate:hover {\n",
              "        background-color: #E2EBFA;\n",
              "        box-shadow: 0px 1px 2px rgba(60, 64, 67, 0.3), 0px 1px 3px 1px rgba(60, 64, 67, 0.15);\n",
              "        fill: #174EA6;\n",
              "      }\n",
              "\n",
              "      [theme=dark] .colab-df-generate {\n",
              "        background-color: #3B4455;\n",
              "        fill: #D2E3FC;\n",
              "      }\n",
              "\n",
              "      [theme=dark] .colab-df-generate:hover {\n",
              "        background-color: #434B5C;\n",
              "        box-shadow: 0px 1px 3px 1px rgba(0, 0, 0, 0.15);\n",
              "        filter: drop-shadow(0px 1px 2px rgba(0, 0, 0, 0.3));\n",
              "        fill: #FFFFFF;\n",
              "      }\n",
              "    </style>\n",
              "    <button class=\"colab-df-generate\" onclick=\"generateWithVariable('df')\"\n",
              "            title=\"Generate code using this dataframe.\"\n",
              "            style=\"display:none;\">\n",
              "\n",
              "  <svg xmlns=\"http://www.w3.org/2000/svg\" height=\"24px\"viewBox=\"0 0 24 24\"\n",
              "       width=\"24px\">\n",
              "    <path d=\"M7,19H8.4L18.45,9,17,7.55,7,17.6ZM5,21V16.75L18.45,3.32a2,2,0,0,1,2.83,0l1.4,1.43a1.91,1.91,0,0,1,.58,1.4,1.91,1.91,0,0,1-.58,1.4L9.25,21ZM18.45,9,17,7.55Zm-12,3A5.31,5.31,0,0,0,4.9,8.1,5.31,5.31,0,0,0,1,6.5,5.31,5.31,0,0,0,4.9,4.9,5.31,5.31,0,0,0,6.5,1,5.31,5.31,0,0,0,8.1,4.9,5.31,5.31,0,0,0,12,6.5,5.46,5.46,0,0,0,6.5,12Z\"/>\n",
              "  </svg>\n",
              "    </button>\n",
              "    <script>\n",
              "      (() => {\n",
              "      const buttonEl =\n",
              "        document.querySelector('#id_7439a00b-2b07-4099-8dc4-4684f5931139 button.colab-df-generate');\n",
              "      buttonEl.style.display =\n",
              "        google.colab.kernel.accessAllowed ? 'block' : 'none';\n",
              "\n",
              "      buttonEl.onclick = () => {\n",
              "        google.colab.notebook.generateWithVariable('df');\n",
              "      }\n",
              "      })();\n",
              "    </script>\n",
